 0 0.061941181968 0.062517523910 0.063662419390 0.063888283124 0.064230972928 0.063514439702 0.062790118072 0.101295990529 0.101607526714 0.103593569893 0.101389451385 0.100119941431 0.102144926633 0.101817813639 0.100672918159 0.064075204835 0.066030094395 0.102713480171 0.101872332471 0.103149630830 0.103102900402 0.103609146702 0.101576373096 0.101482912240 0.103118477211 0.101475123836 0.102581077292 0.101334932552 0.101303778934 0.101070126795 0.101070126795 0.102557712078 0.102518770055 0.102098196205 0.102285117916 0.101568584691 0.102277329512 0.100595034113 0.101529642668 0.100789744229 0.102035888969 0.102853671454 0.101942428113 0.102370790367 0.101903486090 0.101553007882 0.100704071778 0.078429234556 0.078530483816 0.079745474937 0.079652014081 0.077245397053 0.080306240070 0.081077292127 0.079169132995 0.102207233870 0.101584161500 0.103640300321 0.102729056980 0.101919062899 0.103274245304 0.100922147107 0.102549923674 0.100587245709 0.100485996448 0.100322439951 0.101366086171 0.101810025234 0.103710395962 0.101389451385 0.100618399327 0.101233683292 0.100727436992 0.102082619396 0.100680706564 0.098079379420 0.101662045547 0.100922147107 0.099551387894 0.100984454344 0.100571668899 0.102261752703 0.102067042587 0.100213402287 0.100657341350 0.100493784853 0.101958004922 0.101630891928 0.102035888969 0.099995326957 0.101833390448 0.100696283373 0.100236767501 0.101451758622 0.102183868656 0.099629271940 0.100781955824 0.099925231316 0.065835384280 0.066333842176 0.064269914951 0.065017601794 0.066879030499 0.069885354684 0.070266986510 0.067813639054 0.101031184772 0.102300694726 0.102487616437 0.067167201470 0.067751331817 0.066777781239 0.105384902956 0.103211938067 0.103936259697 0.102565500483 0.102970497523 0.105470575407 0.103110688807 0.101046761581 0.101537431073 0.103204149662 0.103609146702 0.103858375650 0.101817813639 0.068911804106 0.102954920714 0.100680706564 0.081622480451 0.083725349699 0.079324901087 0.070617464719 0.069168821459 0.102939343905 0.107020467927 0.103243091685 0.102651172934
 0.061941181968 0 0.061684164616 0.063327517991 0.063755880245 0.063272999159 0.062058008038 0.062315025390 0.099232063304 0.100291286333 0.102246175893 0.100898781894 0.098289666345 0.100626187732 0.099317735755 0.099356677778 0.063117231066 0.063343094800 0.101148010841 0.100057634194 0.101739929593 0.101895697685 0.101638680333 0.100431477616 0.099823982056 0.099792828437 0.100828686252 0.101716564379 0.099582541512 0.100470419639 0.099177544472 0.099738309605 0.100680706564 0.101451758622 0.101046761581 0.101233683292 0.100376958784 0.100836474657 0.098904950310 0.099668213963 0.098165051871 0.100968877535 0.100914358703 0.100735225396 0.100883205084 0.101210318078 0.101077915200 0.099574753108 0.076022617527 0.077042898533 0.079021153307 0.077338857908 0.077455683978 0.078927692451 0.080197202405 0.078382504128 0.101529642668 0.101295990529 0.101903486090 0.101490700645 0.101693199165 0.102690114957 0.100509361662 0.101514065859 0.098507741674 0.099169756067 0.100548303685 0.101405028194 0.100244555905 0.102051465778 0.100711860183 0.099177544472 0.099232063304 0.098803701050 0.100657341350 0.100641764541 0.098414280819 0.100563880495 0.100493784853 0.099761674819 0.099434561824 0.099115237235 0.101101280414 0.101218106483 0.099364466183 0.100135518240 0.099380042992 0.101000031154 0.100314651547 0.101124645628 0.098305243154 0.100283497928 0.099052929998 0.099496869061 0.101412816599 0.100166671859 0.098390915605 0.100104364622 0.099574753108 0.065360291598 0.065126639459 0.065414810430 0.063047135425 0.066653166765 0.067634505748 0.067907099910 0.066341630580 0.100322439951 0.100579457304 0.101249260102 0.066583071124 0.067120471043 0.065492694476 0.104645004517 0.101646468737 0.101358297766 0.100532726876 0.100797532633 0.103063958379 0.100704071778 0.099372254587 0.101171376055 0.102401943986 0.102978285928 0.103087323593 0.102230599084 0.068343250569 0.101529642668 0.100641764541 0.081318732671 0.081879497804 0.080329605284 0.066762204430 0.069924296707 0.102947132309 0.106856911430 0.103126265616 0.100883205084
 0.062517523910 0.061684164616 0 0.062875790523 0.063927225147 0.063210691922 0.063304152777 0.062361755818 0.099948596529 0.100353593570 0.101794448425 0.101366086171 0.099411196610 0.100672918159 0.100470419639 0.099154179258 0.063226268731 0.063296364373 0.102316271535 0.100213402287 0.101693199165 0.103577993084 0.101778871616 0.100571668899 0.099964173339 0.101615315119 0.101623103523 0.102152715038 0.101171376055 0.101202529674 0.099894077697 0.099691579177 0.101257048506 0.102090407801 0.101109068818 0.100875416680 0.100112153027 0.101475123836 0.099730521200 0.100166671859 0.098928315524 0.101638680333 0.102035888969 0.100906570298 0.101506277454 0.101443970217 0.100922147107 0.100540515281 0.076318576903 0.076139443596 0.078834231596 0.077681547712 0.076505498614 0.077697124521 0.079356054706 0.076606747874 0.100922147107 0.100470419639 0.101919062899 0.101054549986 0.101475123836 0.102845883049 0.100665129755 0.102090407801 0.099473503847 0.099699367582 0.099987538553 0.101498489050 0.100493784853 0.103391071373 0.099870712483 0.099395619801 0.101070126795 0.100190037073 0.101591949905 0.100439266021 0.098461011246 0.100937723917 0.100322439951 0.099964173339 0.100415900807 0.099816193651 0.101568584691 0.101077915200 0.099707155986 0.100182248668 0.099987538553 0.100828686252 0.100657341350 0.101451758622 0.098834854668 0.100532726876 0.100844263061 0.099652637154 0.101319355743 0.101693199165 0.098873796691 0.099948596529 0.099574753108 0.066575282719 0.066263746534 0.065150004673 0.064402317829 0.066263746534 0.068506807066 0.066567494314 0.065812019066 0.100743013801 0.101763294807 0.102355213558 0.064791738060 0.067369699991 0.064246549737 0.104411352379 0.101708775974 0.101654257142 0.101062338391 0.100517150067 0.102892613477 0.102448674414 0.100042057385 0.101342720957 0.102947132309 0.102884825072 0.104068662575 0.101218106483 0.068530172280 0.101747717997 0.100704071778 0.079885666220 0.081334309480 0.079426150347 0.067665659366 0.067961618742 0.103196361257 0.106592105673 0.102970497523 0.101880120876
 0.063662419390 0.063327517991 0.062875790523 0 0.063296364373 0.063561170130 0.063514439702 0.064425683043 0.101171376055 0.101171376055 0.103172996043 0.100501573258 0.100010903766 0.100447054425 0.101319355743 0.099909654506 0.064589239540 0.064082993240 0.101576373096 0.101186952865 0.103367706159 0.102993862737 0.101739929593 0.101358297766 0.101903486090 0.101000031154 0.102503193246 0.102643384529 0.101568584691 0.100711860183 0.100509361662 0.100789744229 0.102230599084 0.102207233870 0.101553007882 0.102253964298 0.102285117916 0.101794448425 0.100532726876 0.101700987570 0.099637060345 0.102316271535 0.102651172934 0.101007819558 0.101545219477 0.101732141188 0.100961089131 0.100143306645 0.078226736035 0.078187794012 0.079636437272 0.078312408486 0.076061559550 0.080103741550 0.080158260382 0.078514907006 0.101880120876 0.101677622356 0.103204149662 0.102230599084 0.101996946945 0.103570204679 0.100859839870 0.102456462818 0.100244555905 0.099971961743 0.100727436992 0.102347425153 0.101140222437 0.103165207639 0.101140222437 0.100369170379 0.101514065859 0.100291286333 0.102487616437 0.101475123836 0.099886289293 0.101693199165 0.100937723917 0.100127729836 0.101482912240 0.100369170379 0.101545219477 0.101724352784 0.100275709524 0.100906570298 0.100743013801 0.101989158541 0.101958004922 0.102082619396 0.098780335836 0.100384747188 0.101366086171 0.099489080657 0.101934639708 0.101186952865 0.099504657466 0.099878500888 0.099177544472 0.065835384280 0.065804230661 0.065671827783 0.064799526465 0.068031714384 0.068561325898 0.068974111343 0.066598647933 0.100408112402 0.101973581732 0.102799152622 0.066372784199 0.067564410106 0.067681236176 0.105135674009 0.102433097604 0.101521854263 0.101553007882 0.102098196205 0.103788280009 0.102721268575 0.099987538553 0.101693199165 0.102970497523 0.102939343905 0.103282033708 0.101848967258 0.068974111343 0.102098196205 0.102082619396 0.080859216798 0.082962086046 0.080726813919 0.070165737250 0.068249789713 0.102970497523 0.107222966448 0.102900401882 0.102635596124
 0.063888283124 0.063755880245 0.063927225147 0.063296364373 0 0.062868002118 0.064145300477 0.064012897598 0.103219726471 0.102285117916 0.104831926228 0.102705691766 0.101607526714 0.102417520795 0.102105984610 0.102113773015 0.065204523505 0.065336926384 0.103811645223 0.102425309200 0.105151250818 0.105587401477 0.104271161095 0.103219726471 0.102347425153 0.103733761176 0.104146546621 0.104115393003 0.102059254182 0.103134054020 0.102853671454 0.102479828032 0.103375494564 0.102620019315 0.102900401882 0.102978285928 0.102822517835 0.103172996043 0.101786660021 0.102596654101 0.101716564379 0.103803856818 0.103936259697 0.102479828032 0.103749337986 0.102456462818 0.102962709119 0.102596654101 0.079511822798 0.079114614162 0.080049222717 0.078694040313 0.078312408486 0.080921524035 0.080757967538 0.078351350509 0.103040593165 0.103134054020 0.103835010436 0.104652792922 0.103453378610 0.104216642263 0.103079535188 0.104115393003 0.101311567339 0.102472039627 0.102292906321 0.103772703199 0.103546839465 0.105852207234 0.102923767096 0.102697903361 0.102658961338 0.102791364217 0.103694819153 0.101700987570 0.101373874576 0.103102900402 0.102534346864 0.102238387489 0.102051465778 0.101264836911 0.103359917754 0.103087323593 0.101046761581 0.102830306240 0.101311567339 0.103305398922 0.102588865697 0.103523474252 0.100906570298 0.102433097604 0.102090407801 0.102129349824 0.103967413315 0.102923767096 0.100743013801 0.101459547026 0.101771083211 0.067011433378 0.067058163806 0.067735755008 0.064869622107 0.068428923019 0.068569114303 0.070041122776 0.067681236176 0.102767999003 0.102760210598 0.103570204679 0.067517679678 0.069379108383 0.066692108788 0.107791519985 0.103780491604 0.103975201720 0.104286737905 0.103835010436 0.104933175488 0.103694819153 0.102160503442 0.103492320633 0.104894233465 0.104878656656 0.105268076887 0.103694819153 0.069215551886 0.104645004517 0.103134054020 0.081926228231 0.084169288763 0.081700364497 0.070002180753 0.070391600984 0.105408268170 0.110081310944 0.105151250818 0.104185488645
 0.064230972928 0.063272999159 0.063210691922 0.063561170130 0.062868002118 0 0.064425683043 0.063498862893 0.101848967258 0.102674538148 0.104645004517 0.102269541107 0.100080999408 0.102230599084 0.102199445466 0.102394155581 0.064955294557 0.066536340696 0.102767999003 0.102596654101 0.104746253777 0.103609146702 0.103679242344 0.101334932552 0.102269541107 0.102705691766 0.103803856818 0.104053085766 0.102121561419 0.102853671454 0.101872332471 0.102308483130 0.103219726471 0.103367706159 0.102479828032 0.103040593165 0.102370790367 0.103546839465 0.101334932552 0.103017227951 0.099894077697 0.103087323593 0.102845883049 0.103149630830 0.102783575812 0.103313187327 0.101685410760 0.101599738310 0.078686251908 0.078460388174 0.080485373376 0.077697124521 0.077175301411 0.080532103804 0.081162964578 0.079083460544 0.103383282968 0.103430013396 0.103523474252 0.102814729431 0.102191657061 0.104076450980 0.102191657061 0.103772703199 0.101342720957 0.101739929593 0.101358297766 0.103788280009 0.103032804760 0.104497024829 0.102830306240 0.101623103523 0.102472039627 0.101825602044 0.103803856818 0.103025016356 0.100252344310 0.102713480171 0.102954920714 0.101070126795 0.102020312159 0.101249260102 0.102674538148 0.102962709119 0.101093492009 0.102674538148 0.101685410760 0.102230599084 0.102760210598 0.102947132309 0.100517150067 0.102915978691 0.101560796286 0.101693199165 0.102643384529 0.102939343905 0.100898781894 0.101802236830 0.100836474657 0.066076824823 0.066170285679 0.066583071124 0.065227888719 0.068833920060 0.068584691112 0.069916508302 0.068039502788 0.102752422194 0.102853671454 0.103102900402 0.067564410106 0.069254493909 0.066847876881 0.107090563569 0.103484532228 0.104489236425 0.103289822113 0.104162123431 0.105416056575 0.104302314714 0.101662045547 0.102822517835 0.103928471292 0.104831926228 0.105283653696 0.102978285928 0.069433627216 0.104691734945 0.102744633789 0.082533723792 0.082689491884 0.081170752983 0.069955450326 0.070157948846 0.104676158136 0.109162279199 0.103998566934 0.102643384529
 0.063514439702 0.062058008038 0.063304152777 0.063514439702 0.064145300477 0.064425683043 0 0.064106358454 0.100275709524 0.101070126795 0.102760210598 0.101848967258 0.099333312564 0.102308483130 0.101747717997 0.100478208044 0.064706065610 0.064947506153 0.102098196205 0.102316271535 0.102425309200 0.103063958379 0.102993862737 0.101241471697 0.101443970217 0.102830306240 0.101171376055 0.103725972772 0.101467335431 0.102261752703 0.100890993489 0.101186952865 0.102253964298 0.101467335431 0.101591949905 0.101280413720 0.100937723917 0.101553007882 0.100244555905 0.101257048506 0.099380042992 0.101700987570 0.102440886009 0.101186952865 0.101848967258 0.102331848344 0.101825602044 0.100789744229 0.076521075423 0.078382504128 0.080423066139 0.077884046232 0.077611452070 0.078989999688 0.079652014081 0.078989999688 0.100579457304 0.101015607963 0.103305398922 0.103297610517 0.101771083211 0.103313187327 0.101038973177 0.103134054020 0.099395619801 0.100260132714 0.100704071778 0.102261752703 0.102487616437 0.103577993084 0.100914358703 0.100641764541 0.101085703604 0.100704071778 0.100906570298 0.100750802206 0.098850431478 0.101529642668 0.100493784853 0.100353593570 0.101911274495 0.101140222437 0.102643384529 0.102090407801 0.099769463223 0.101350509362 0.099956384934 0.101934639708 0.101841178853 0.101467335431 0.100454842830 0.101887909281 0.100392535593 0.099792828437 0.100883205084 0.101802236830 0.098873796691 0.100929935512 0.099107448830 0.065702981401 0.065251253933 0.065118851055 0.064963082962 0.068008349170 0.068584691112 0.069340166360 0.066590859528 0.101194741269 0.102729056980 0.102573288888 0.067003644973 0.067478737655 0.067081529020 0.105984610112 0.102845883049 0.102308483130 0.102760210598 0.102775787408 0.105493940621 0.103180784448 0.100057634194 0.102199445466 0.104006355338 0.103056169974 0.103679242344 0.102183868656 0.069386896788 0.103025016356 0.101591949905 0.080773544347 0.082222187607 0.078834231596 0.069285647528 0.068709305586 0.103990778529 0.108009595314 0.103453378610 0.102705691766
 0.062790118072 0.062315025390 0.062361755818 0.064425683043 0.064012897598 0.063498862893 0.064106358454 0 0.100314651547 0.100517150067 0.102783575812 0.100968877535 0.099154179258 0.100260132714 0.100556092090 0.100143306645 0.065040967008 0.065157793078 0.101389451385 0.100470419639 0.103134054020 0.102775787408 0.102378578772 0.101405028194 0.100626187732 0.102059254182 0.102176080252 0.102565500483 0.102035888969 0.101443970217 0.101132434032 0.100633976136 0.100953300726 0.101693199165 0.101926851304 0.101646468737 0.100789744229 0.102121561419 0.099707155986 0.100953300726 0.098250724322 0.101443970217 0.102682326552 0.101241471697 0.102339636749 0.101529642668 0.100493784853 0.099925231316 0.077759431758 0.076676843515 0.078639521480 0.077938565064 0.076731362348 0.078997788093 0.079971338671 0.077938565064 0.099901866102 0.100571668899 0.101490700645 0.102168291847 0.100345805165 0.102682326552 0.101031184772 0.101584161500 0.098982834356 0.099566964703 0.100524938472 0.101973581732 0.100859839870 0.102137138229 0.100034268980 0.099418985015 0.100704071778 0.100151095050 0.101786660021 0.100010903766 0.098764759027 0.101724352784 0.100423689212 0.099894077697 0.100454842830 0.099652637154 0.101685410760 0.100945512321 0.099979750148 0.099644848749 0.099341100969 0.100711860183 0.100322439951 0.101163587651 0.099434561824 0.100820897847 0.100104364622 0.100221190691 0.101311567339 0.100968877535 0.099099660426 0.099956384934 0.099177544472 0.067330757968 0.067284027540 0.066902395713 0.064846256893 0.066894607309 0.068857285274 0.069441415620 0.066162497274 0.100423689212 0.100820897847 0.102363001963 0.067416430418 0.068125175239 0.066326053771 0.105509517430 0.102215022275 0.102191657061 0.102191657061 0.101615315119 0.104099816194 0.102830306240 0.099177544472 0.100400323998 0.101973581732 0.103562416275 0.103250880090 0.102098196205 0.069363531574 0.102456462818 0.101303778934 0.081248637029 0.081856132590 0.080134895168 0.068031714384 0.070570734291 0.103858375650 0.107846038817 0.102978285928 0.101077915200
 0.101295990529 0.099232063304 0.099948596529 0.101171376055 0.103219726471 0.101848967258 0.100275709524 0.100314651547 0 0.105844418829 0.105151250818 0.105517305835 0.104434717592 0.104761830587 0.105587401477 0.106218262251 0.101630891928 0.102324059940 0.110330539892 0.109956696470 0.108804012586 0.110050157326 0.109310258887 0.109084395152 0.109380354528 0.109754197950 0.109668525499 0.110914670239 0.106880276644 0.108017383719 0.106895853453 0.106117012991 0.108430169164 0.107596809869 0.107737001153 0.105867784043 0.107113928783 0.106701143338 0.104551543662 0.104629427708 0.104356833546 0.107347580922 0.108149786598 0.106631047696 0.107666905511 0.107168447615 0.104668369731 0.105392691361 0.101467335431 0.101537431073 0.101303778934 0.101615315119 0.099769463223 0.103063958379 0.103040593165 0.101771083211 0.104372410355 0.103967413315 0.106007975326 0.105937879685 0.104629427708 0.106249415870 0.102183868656 0.103328764136 0.103297610517 0.105423844980 0.104356833546 0.104855291442 0.106046917349 0.107729212748 0.105579613072 0.102845883049 0.104535966853 0.104668369731 0.106397395557 0.106241627465 0.102238387489 0.105322595719 0.104504813234 0.102729056980 0.105688650737 0.105057789962 0.105719804355 0.105836630425 0.104730676968 0.105392691361 0.104294526309 0.103920682887 0.104855291442 0.105042213153 0.103546839465 0.106241627465 0.104403563974 0.103835010436 0.104504813234 0.104645004517 0.102791364217 0.105750957974 0.103601358298 0.101506277454 0.103328764136 0.103025016356 0.101700987570 0.103687030749 0.102658961338 0.105018847939 0.102658961338 0.104442505997 0.106179320228 0.107581233060 0.103523474252 0.104590485685 0.103227514876 0.113001962678 0.110922458644 0.110930247048 0.108983145892 0.109948908066 0.110844574597 0.110961400667 0.105704227546 0.106101436182 0.105135674009 0.108811800991 0.106241627465 0.105680862332 0.104099816194 0.106740085361 0.105821053615 0.102962709119 0.103616935107 0.103017227951 0.105213558055 0.104232219072 0.108095267765 0.111179475996 0.105548459454 0.106483068008
 0.101607526714 0.100291286333 0.100353593570 0.101171376055 0.102285117916 0.102674538148 0.101070126795 0.100517150067 0.105844418829 0 0.106444125985 0.104940963893 0.104123181408 0.104045297361 0.105416056575 0.105782111592 0.101958004922 0.102697903361 0.109785351569 0.107947288078 0.109427084956 0.111436493349 0.109699679118 0.109193432817 0.109411508147 0.108881896632 0.108469111187 0.109761986355 0.106257204274 0.106880276644 0.105976821708 0.106537586841 0.106171531823 0.106786815789 0.107300850494 0.106101436182 0.106755662170 0.106342876725 0.103881740864 0.104754042182 0.104512601639 0.106662201315 0.106965949095 0.107145082401 0.107324215708 0.107402099754 0.102596654101 0.104053085766 0.102433097604 0.103359917754 0.103796068413 0.103764914795 0.102215022275 0.104481448020 0.103866164055 0.101553007882 0.104855291442 0.106490856413 0.105821053615 0.106078070968 0.106140378205 0.106451914390 0.104130969812 0.106335088321 0.103328764136 0.103975201720 0.105135674009 0.105992398517 0.103928471292 0.106950372286 0.105221346459 0.104668369731 0.105392691361 0.104450294402 0.105291442101 0.105135674009 0.103873952460 0.105369326147 0.103710395962 0.104084239384 0.104629427708 0.106459702794 0.105050001558 0.105213558055 0.104948752298 0.104956540702 0.102736845385 0.107004891118 0.105026636344 0.105712015951 0.103172996043 0.105307018910 0.105213558055 0.103803856818 0.104754042182 0.105377114552 0.103492320633 0.103336552541 0.102526558460 0.103484532228 0.103671453939 0.104598274090 0.102947132309 0.104839714633 0.103796068413 0.104520390043 0.103391071373 0.105096731985 0.105073366772 0.106833546216 0.103274245304 0.104902021870 0.103211938067 0.112254275834 0.110159194990 0.108951992274 0.109512757407 0.108422380760 0.111607838250 0.109964484875 0.104847503037 0.105805476806 0.104201065454 0.108951992274 0.106973737500 0.104014143743 0.104660581327 0.105525094240 0.106179320228 0.104208853858 0.105221346459 0.103998566934 0.106085859373 0.106085859373 0.106911430263 0.111288513661 0.105532882644 0.106233839060
 0.103593569893 0.102246175893 0.101794448425 0.103172996043 0.104831926228 0.104645004517 0.102760210598 0.102783575812 0.105151250818 0.106444125985 0 0.105618555095 0.106560952055 0.104800772610 0.106374030344 0.107518925823 0.104800772610 0.104138758217 0.110899093430 0.110540826817 0.110821209383 0.111693510701 0.111779183152 0.110026792112 0.111039284713 0.111942739649 0.110205925418 0.111467646967 0.107900557650 0.109318047291 0.107698059130 0.107682482320 0.107721424343 0.107526714228 0.108570360447 0.109723044332 0.109364777719 0.108593725661 0.105509517430 0.105805476806 0.105735381165 0.107417676563 0.109995638493 0.108710551731 0.107908346054 0.109917754447 0.105486152217 0.107160659211 0.104201065454 0.104162123431 0.104800772610 0.105439421789 0.103842798841 0.104395775569 0.105447210193 0.103243091685 0.106732296956 0.107869404031 0.106965949095 0.106553163650 0.107332004112 0.106911430263 0.105400479766 0.107199601234 0.104691734945 0.105416056575 0.107791519985 0.109193432817 0.106148166610 0.110478519580 0.107191812829 0.105610766691 0.106786815789 0.105283653696 0.107106140378 0.106109224586 0.105657497118 0.106280569488 0.105743169569 0.105992398517 0.107004891118 0.106997102713 0.107004891118 0.107822673604 0.106140378205 0.107300850494 0.106078070968 0.107059409950 0.105766534783 0.106825757812 0.104863079847 0.106311723107 0.105906726066 0.105680862332 0.105322595719 0.107082775164 0.104824137824 0.105213558055 0.105883360852 0.105174616032 0.106576528864 0.106101436182 0.104232219072 0.104878656656 0.105626343500 0.107596809869 0.104349045142 0.107191812829 0.106607682482 0.107620175083 0.105945668089 0.108196517025 0.104948752298 0.113523785788 0.111662357083 0.112417832331 0.111810336771 0.111981681672 0.113734072713 0.112059565719 0.107285273685 0.107853827222 0.108336708309 0.110392847129 0.108289977881 0.106405183962 0.106755662170 0.107386522945 0.108445745973 0.105805476806 0.105867784043 0.106093647777 0.108180940216 0.106981525904 0.109240163245 0.113321287268 0.107550079442 0.108951992274
 0.101389451385 0.100898781894 0.101366086171 0.100501573258 0.102705691766 0.102269541107 0.101848967258 0.100968877535 0.105517305835 0.104940963893 0.105618555095 0 0.105197981246 0.104356833546 0.106568740459 0.104660581327 0.102285117916 0.103040593165 0.109536122621 0.109489392193 0.109614006667 0.111483223776 0.110805632574 0.109894389233 0.109286893673 0.109723044332 0.110774478956 0.110836786193 0.106958160690 0.108702763326 0.107004891118 0.106070282563 0.107417676563 0.107036044737 0.107892769245 0.108141998193 0.108531418424 0.107947288078 0.104816349419 0.106093647777 0.103422224991 0.107300850494 0.108804012586 0.107550079442 0.106981525904 0.107900557650 0.104169911835 0.105548459454 0.102121561419 0.103982990124 0.104060874171 0.103188572853 0.102931555500 0.103375494564 0.104972117511 0.102456462818 0.105275865292 0.106210473847 0.106537586841 0.105034424748 0.106965949095 0.106233839060 0.104785195800 0.106989314309 0.103811645223 0.105782111592 0.104839714633 0.105712015951 0.105345960933 0.108492476401 0.106669989719 0.104746253777 0.104489236425 0.104808561014 0.106039128945 0.106054705754 0.103095111997 0.105104520390 0.104831926228 0.104021932147 0.105143462413 0.105696439141 0.105439421789 0.105260288483 0.106303934702 0.105486152217 0.104574908876 0.105416056575 0.106303934702 0.105244711673 0.104824137824 0.105571824667 0.105852207234 0.104489236425 0.104894233465 0.104831926228 0.102947132309 0.103648088726 0.104240007477 0.103141842425 0.103873952460 0.104317891523 0.103102900402 0.103905106078 0.103827222032 0.105595189881 0.103048381570 0.105922302875 0.105992398517 0.106646624505 0.104645004517 0.106241627465 0.104130969812 0.112565812019 0.110237079037 0.110276021060 0.110478519580 0.111335244089 0.111701299106 0.111272936852 0.105750957974 0.106272781084 0.106973737500 0.109107760366 0.109092183557 0.106179320228 0.104240007477 0.107674693916 0.107160659211 0.105486152217 0.106155955014 0.104902021870 0.105712015951 0.105836630425 0.108064114147 0.111553319418 0.107339792517 0.106623259292
 0.100119941431 0.098289666345 0.099411196610 0.100010903766 0.101607526714 0.100080999408 0.099333312564 0.099154179258 0.104434717592 0.104123181408 0.106560952055 0.105197981246 0 0.105050001558 0.103336552541 0.103671453939 0.100906570298 0.100711860183 0.109356989314 0.107721424343 0.107861615627 0.109434873361 0.108149786598 0.108048537338 0.107409888159 0.109279105268 0.108928627060 0.108757282158 0.105673073928 0.106327299916 0.105937879685 0.107277485280 0.106444125985 0.106825757812 0.107495560609 0.105844418829 0.106140378205 0.106023552136 0.103500109038 0.103920682887 0.103243091685 0.106560952055 0.107612386679 0.107417676563 0.106272781084 0.106366241939 0.103835010436 0.104092027789 0.100260132714 0.101264836911 0.101996946945 0.100517150067 0.101490700645 0.102417520795 0.102347425153 0.101249260102 0.103040593165 0.103803856818 0.104660581327 0.104387987165 0.104294526309 0.103982990124 0.103282033708 0.104831926228 0.103289822113 0.104699523350 0.104551543662 0.104302314714 0.104574908876 0.106864699835 0.105930091280 0.103398859778 0.105244711673 0.102604442506 0.105034424748 0.105470575407 0.102324059940 0.104255584286 0.102643384529 0.101973581732 0.103951836506 0.104115393003 0.105104520390 0.105688650737 0.103959624910 0.104839714633 0.103289822113 0.104863079847 0.105361537743 0.104645004517 0.103585781489 0.105735381165 0.104255584286 0.103141842425 0.103951836506 0.105307018910 0.104185488645 0.103297610517 0.104092027789 0.101794448425 0.101482912240 0.102456462818 0.101163587651 0.102542135269 0.101186952865 0.103967413315 0.101903486090 0.104792984205 0.104115393003 0.106062494159 0.102643384529 0.103679242344 0.103126265616 0.111093803545 0.109076606748 0.108180940216 0.107028256332 0.108617090875 0.110945823857 0.108835166205 0.103873952460 0.105750957974 0.105641920309 0.107994018505 0.106732296956 0.104380198760 0.102970497523 0.105205769650 0.105719804355 0.102845883049 0.104154335026 0.103274245304 0.103975201720 0.103772703199 0.106872488240 0.109629583476 0.105634131904 0.103920682887
 0.102144926633 0.100626187732 0.100672918159 0.100447054425 0.102417520795 0.102230599084 0.102308483130 0.100260132714 0.104761830587 0.104045297361 0.104800772610 0.104356833546 0.105050001558 0 0.107853827222 0.105322595719 0.103320975731 0.103391071373 0.109699679118 0.109793139973 0.111210629615 0.111864855603 0.109769774759 0.110057945730 0.109933331256 0.109403719742 0.111233994828 0.111841490389 0.108788435777 0.108632667684 0.107807096794 0.106794604193 0.108749493754 0.109240163245 0.108430169164 0.108274401072 0.108819589395 0.108344496713 0.105945668089 0.105618555095 0.105003271130 0.107729212748 0.108328919904 0.107043833141 0.107191812829 0.107207389638 0.105595189881 0.106350665130 0.103219726471 0.104130969812 0.103835010436 0.103211938067 0.103453378610 0.104489236425 0.105011059535 0.102261752703 0.105782111592 0.105766534783 0.106810181003 0.106412972367 0.106631047696 0.108328919904 0.105821053615 0.106015763731 0.104567120471 0.105322595719 0.107791519985 0.107822673604 0.106428549176 0.109014299511 0.106708931742 0.104333468332 0.106895853453 0.105159039222 0.107355369326 0.106280569488 0.104380198760 0.106264992679 0.105571824667 0.104294526309 0.105556247858 0.105922302875 0.106350665130 0.105969033303 0.106747873766 0.105229134864 0.104645004517 0.107931711268 0.104816349419 0.106919218667 0.104800772610 0.105392691361 0.106249415870 0.105696439141 0.106537586841 0.107160659211 0.105182404436 0.105042213153 0.104434717592 0.104006355338 0.104769618991 0.104839714633 0.103063958379 0.104458082806 0.104068662575 0.106755662170 0.102230599084 0.107176236020 0.106965949095 0.106732296956 0.104574908876 0.105859995638 0.103936259697 0.112900713418 0.111132745568 0.110938035453 0.111592261441 0.111000342690 0.112519081591 0.111015919499 0.106693354933 0.108274401072 0.108414592355 0.109754197950 0.107744789557 0.106623259292 0.104917598679 0.108071902551 0.107339792517 0.104948752298 0.106194897037 0.105704227546 0.105891149257 0.106389607153 0.108321131499 0.113305710458 0.106522010031 0.109170067603
 0.101817813639 0.099317735755 0.100470419639 0.101319355743 0.102105984610 0.102199445466 0.101747717997 0.100556092090 0.105587401477 0.105416056575 0.106374030344 0.106568740459 0.103336552541 0.107853827222 0 0.105011059535 0.101887909281 0.103188572853 0.109730832736 0.110634287673 0.110525250008 0.111444281753 0.110610922459 0.109668525499 0.109808716782 0.110649864482 0.110455154366 0.110392847129 0.107869404031 0.107199601234 0.106779027384 0.108243247453 0.108422380760 0.107386522945 0.107246331661 0.105906726066 0.107355369326 0.107674693916 0.104232219072 0.105104520390 0.104146546621 0.108165363407 0.107581233060 0.107635751893 0.109637371881 0.108375650332 0.105704227546 0.105867784043 0.102082619396 0.102931555500 0.104286737905 0.103679242344 0.102830306240 0.104489236425 0.103702607558 0.102028100564 0.106623259292 0.106592105673 0.106171531823 0.106662201315 0.106771238979 0.107721424343 0.105867784043 0.105673073928 0.103227514876 0.104590485685 0.105018847939 0.105797688402 0.106662201315 0.106724508552 0.106272781084 0.104115393003 0.105758746378 0.105750957974 0.105626343500 0.106545375245 0.102900401882 0.105782111592 0.105712015951 0.103998566934 0.105883360852 0.107542291037 0.104824137824 0.107261908471 0.105719804355 0.105618555095 0.105392691361 0.105922302875 0.104847503037 0.107106140378 0.105517305835 0.105127885604 0.105984610112 0.104387987165 0.105836630425 0.105961244899 0.103982990124 0.105992398517 0.105400479766 0.101950216518 0.103788280009 0.104263372691 0.102565500483 0.103819433627 0.103741549581 0.104855291442 0.103430013396 0.106288357893 0.106451914390 0.107184024424 0.104263372691 0.106109224586 0.104169911835 0.114333779869 0.111397551326 0.109785351569 0.110455154366 0.110673229696 0.112970809059 0.111187264401 0.107004891118 0.107495560609 0.107277485280 0.108601514066 0.107511137419 0.106701143338 0.105493940621 0.108165363407 0.107059409950 0.104948752298 0.106428549176 0.105096731985 0.105750957974 0.105906726066 0.109629583476 0.111919374435 0.106490856413 0.106662201315
 0.100672918159 0.099356677778 0.099154179258 0.099909654506 0.102113773015 0.102394155581 0.100478208044 0.100143306645 0.106218262251 0.105782111592 0.107518925823 0.104660581327 0.103671453939 0.105322595719 0.105011059535 0 0.101163587651 0.102978285928 0.108741705349 0.107869404031 0.109972273280 0.111358609302 0.110057945730 0.108554783638 0.109754197950 0.109333624100 0.110447365962 0.110260444251 0.107441041777 0.108064114147 0.107846038817 0.107752577962 0.108881896632 0.106226050656 0.108032960528 0.106444125985 0.107145082401 0.106638836101 0.104831926228 0.104364621951 0.104403563974 0.107534502632 0.106903641858 0.106771238979 0.107339792517 0.106436337581 0.105275865292 0.105236923269 0.102028100564 0.102253964298 0.102363001963 0.102518770055 0.102433097604 0.103266456899 0.103040593165 0.101677622356 0.104403563974 0.106163743419 0.106148166610 0.105782111592 0.106701143338 0.106607682482 0.104333468332 0.106132589800 0.102285117916 0.103461167015 0.104979905916 0.106599894078 0.106654412910 0.106856911430 0.104925387084 0.104356833546 0.104972117511 0.104497024829 0.106194897037 0.105166827627 0.104606062494 0.105275865292 0.104286737905 0.104473659616 0.104878656656 0.105166827627 0.105548459454 0.105696439141 0.105104520390 0.104785195800 0.104232219072 0.106350665130 0.106506433222 0.104995482725 0.103079535188 0.104465871211 0.105182404436 0.104084239384 0.104894233465 0.104831926228 0.104208853858 0.104426929188 0.104286737905 0.102285117916 0.103188572853 0.104021932147 0.102121561419 0.101443970217 0.103235303280 0.104738465373 0.102253964298 0.104551543662 0.106646624505 0.107145082401 0.103492320633 0.105275865292 0.103944048101 0.112285429453 0.110096887754 0.110883516620 0.110930247048 0.109543911025 0.110938035453 0.111257360042 0.105937879685 0.106350665130 0.107409888159 0.108531418424 0.107176236020 0.105509517430 0.104240007477 0.107285273685 0.105821053615 0.104504813234 0.104909810274 0.105244711673 0.105213558055 0.104715100159 0.108546995233 0.112223122216 0.106669989719 0.106654412910
 0.064075204835 0.063117231066 0.063226268731 0.064589239540 0.065204523505 0.064955294557 0.064706065610 0.065040967008 0.101630891928 0.101958004922 0.104800772610 0.102285117916 0.100906570298 0.103320975731 0.101887909281 0.101163587651 0 0.065835384280 0.103328764136 0.101553007882 0.104356833546 0.104870868251 0.103554627870 0.102363001963 0.101319355743 0.103282033708 0.102900401882 0.104130969812 0.102744633789 0.102729056980 0.101887909281 0.102339636749 0.103079535188 0.102339636749 0.102542135269 0.103570204679 0.101498489050 0.103577993084 0.101163587651 0.103001651142 0.101342720957 0.103009439546 0.103437801801 0.102713480171 0.102830306240 0.102363001963 0.102915978691 0.102783575812 0.078327985295 0.079254805446 0.081419981931 0.078834231596 0.076988379700 0.080796909561 0.081412193526 0.079410573538 0.103367706159 0.102215022275 0.103757126390 0.103344340945 0.102612230911 0.103063958379 0.101942428113 0.103632511916 0.100579457304 0.101817813639 0.102573288888 0.104053085766 0.102721268575 0.104278949500 0.102908190286 0.102012523755 0.102409732390 0.101389451385 0.102043677373 0.101810025234 0.100127729836 0.102869248263 0.101771083211 0.101521854263 0.102144926633 0.101514065859 0.102627807720 0.103476743824 0.101467335431 0.102331848344 0.101000031154 0.102090407801 0.101342720957 0.102433097604 0.099691579177 0.102074830992 0.101482912240 0.101864544067 0.102861459859 0.102409732390 0.100042057385 0.101584161500 0.100540515281 0.066746627621 0.065360291598 0.066754416025 0.065773077043 0.069316801146 0.069456992430 0.070617464719 0.069316801146 0.102020312159 0.103180784448 0.103430013396 0.068608056326 0.067868157887 0.067470949251 0.106249415870 0.103624723512 0.102682326552 0.102791364217 0.102620019315 0.105821053615 0.104177700240 0.101179164460 0.103009439546 0.103928471292 0.103554627870 0.104458082806 0.103476743824 0.069978815539 0.104053085766 0.102137138229 0.082907567214 0.083234680208 0.081887286208 0.071684476152 0.070609676314 0.105065578367 0.107635751893 0.103609146702 0.102113773015
 0.066030094395 0.063343094800 0.063296364373 0.064082993240 0.065336926384 0.066536340696 0.064947506153 0.065157793078 0.102324059940 0.102697903361 0.104138758217 0.103040593165 0.100711860183 0.103391071373 0.103188572853 0.102978285928 0.065835384280 0 0.103196361257 0.101763294807 0.102713480171 0.104785195800 0.103702607558 0.103492320633 0.102604442506 0.104053085766 0.103141842425 0.104419140783 0.102690114957 0.102518770055 0.102409732390 0.101786660021 0.103227514876 0.103562416275 0.103359917754 0.104029720552 0.102783575812 0.103944048101 0.101981370136 0.103025016356 0.100945512321 0.104481448020 0.104146546621 0.103406648182 0.104535966853 0.103492320633 0.102269541107 0.102059254182 0.079208075018 0.079387208324 0.081723729711 0.079247017041 0.079535188012 0.080493161781 0.081513442786 0.080057011122 0.103391071373 0.102144926633 0.103796068413 0.102791364217 0.103523474252 0.104551543662 0.101981370136 0.103266456899 0.101334932552 0.101841178853 0.102440886009 0.102690114957 0.103196361257 0.104972117511 0.102043677373 0.101630891928 0.102635596124 0.100618399327 0.103188572853 0.102565500483 0.100914358703 0.102363001963 0.102230599084 0.102510981651 0.103507897442 0.101911274495 0.103040593165 0.103079535188 0.101833390448 0.102059254182 0.100665129755 0.102690114957 0.101942428113 0.103017227951 0.100462631235 0.103079535188 0.101007819558 0.100828686252 0.102557712078 0.103289822113 0.100750802206 0.101311567339 0.101140222437 0.066738839216 0.066224804511 0.066528552291 0.067229508707 0.068499018661 0.068670363563 0.069332377956 0.067984983956 0.102043677373 0.102596654101 0.103687030749 0.068631421540 0.067798062245 0.068428923019 0.106241627465 0.104224430668 0.104154335026 0.103437801801 0.103889529269 0.105143462413 0.104512601639 0.101763294807 0.103593569893 0.104387987165 0.104699523350 0.104948752298 0.101397239789 0.069394685193 0.103671453939 0.101973581732 0.082152091965 0.082681703480 0.081910651422 0.070259198106 0.070788809620 0.104668369731 0.108733916944 0.105003271130 0.103165207639
 0.102713480171 0.101148010841 0.102316271535 0.101576373096 0.103811645223 0.102767999003 0.102098196205 0.101389451385 0.110330539892 0.109785351569 0.110899093430 0.109536122621 0.109356989314 0.109699679118 0.109730832736 0.108741705349 0.103328764136 0.103196361257 0 0.106592105673 0.106825757812 0.106841334621 0.104528178448 0.106467491199 0.105782111592 0.107215178043 0.107222966448 0.107705847534 0.108858531418 0.110603134054 0.108889685037 0.109310258887 0.108632667684 0.109372566124 0.109543911025 0.109263528459 0.109450450170 0.109240163245 0.107822673604 0.108928627060 0.108983145892 0.109263528459 0.109863235615 0.109715255927 0.109863235615 0.109193432817 0.109061029939 0.109987850089 0.103398859778 0.104014143743 0.104902021870 0.104668369731 0.104551543662 0.106007975326 0.105252500078 0.104123181408 0.109481603788 0.109684102308 0.110026792112 0.109473815384 0.109800928378 0.110751113742 0.109240163245 0.109263528459 0.107036044737 0.108585937257 0.108095267765 0.111054861522 0.109738621141 0.112028412100 0.108928627060 0.108064114147 0.108336708309 0.109076606748 0.110089099349 0.109528334216 0.107892769245 0.109824293592 0.109068818343 0.108399015546 0.108461322783 0.109232374840 0.110174771800 0.110011215303 0.109434873361 0.109006511106 0.108500264806 0.110914670239 0.110089099349 0.110556403626 0.108687186517 0.109964484875 0.110120252967 0.108196517025 0.109458238574 0.110112464563 0.108196517025 0.109925542852 0.107184024424 0.103982990124 0.104792984205 0.104551543662 0.103585781489 0.104808561014 0.105197981246 0.106592105673 0.102845883049 0.110003426898 0.109590641453 0.111615626655 0.104972117511 0.105696439141 0.104769618991 0.109886600829 0.108025172124 0.107939499673 0.106833546216 0.106864699835 0.108928627060 0.108624879280 0.109863235615 0.110867939811 0.109761986355 0.111054861522 0.112550235210 0.109201221222 0.105906726066 0.110727748528 0.110385058725 0.105268076887 0.106514221627 0.107036044737 0.106599894078 0.107036044737 0.111584473037 0.116023863672 0.111187264401 0.109442661765
